Parameters : test_data.txt k-means.txt 9

ITERATION 1
1 - [2, 10, 19, 24, 27, 29, 34, 39, 51, 53, 54, 55, 57, 58, 63, 73, 78, 85, 88, 89]
2 - [3, 14, 18, 21, 25, 26, 33, 40, 42, 50, 69, 74, 80, 84, 91, 100]
3 - [28, 36, 37, 48, 68, 71, 72, 82, 83, 95, 96]
4 - [5, 7, 9, 15, 23, 30, 35, 43, 44, 45, 46, 47, 49, 62, 66, 67, 76, 81, 86, 87, 90]
5 - [4, 11, 22, 32, 52, 60, 64, 70, 92]
6 - [12, 13, 20, 41, 75, 77, 93, 97]
7 - [6, 16, 38, 56, 59]
8 - [1, 31, 65, 79]
9 - [8, 17, 61, 94, 98, 99]

ITERATION 2
1 - [28, 36, 37, 48, 68, 72, 82, 83, 95, 96]
2 - [2, 10, 19, 24, 27, 29, 34, 39, 51, 53, 54, 55, 57, 58, 63, 65, 73, 78, 85, 88, 89]
3 - [5, 7, 9, 15, 23, 30, 35, 43, 44, 45, 46, 47, 49, 62, 66, 67, 76, 81, 86, 87, 90]
4 - [8, 17, 61, 94, 98, 99]
5 - [4, 11, 22, 32, 52, 60, 64, 70, 71, 92]
6 - [6, 16, 38, 56, 59]
7 - [1, 31, 79]
8 - [3, 14, 18, 21, 25, 26, 33, 40, 42, 50, 69, 74, 80, 84, 91, 100]
9 - [12, 13, 20, 41, 75, 77, 93, 97]

ITERATION 3
1 - [4, 11, 22, 32, 52, 60, 64, 70, 71, 92]
2 - [12, 13, 20, 41, 75, 77, 93, 97]
3 - [28, 36, 37, 48, 68, 72, 82, 83, 95, 96]
4 - [3, 14, 18, 21, 25, 26, 33, 40, 42, 50, 69, 74, 80, 84, 91, 100]
5 - [6, 16, 38, 56, 59]
6 - [2, 10, 19, 24, 27, 29, 34, 39, 51, 53, 54, 55, 57, 58, 63, 65, 73, 78, 85, 88, 89]
7 - [1, 8, 17, 61, 94, 98, 99]
8 - [5, 7, 9, 15, 23, 30, 35, 43, 44, 45, 46, 47, 49, 62, 66, 67, 76, 81, 86, 87, 90]
9 - [31, 79]

ITERATION 4
1 - [6, 16, 38, 56, 59]
2 - [2, 10, 19, 24, 27, 29, 34, 39, 51, 53, 54, 55, 57, 58, 63, 65, 73, 78, 85, 88, 89]
3 - [12, 13, 20, 41, 75, 77, 93, 97]
4 - [31, 79]
5 - [1, 8, 17, 61, 94, 98, 99]
6 - [4, 11, 22, 32, 52, 60, 64, 70, 71, 92]
7 - [5, 7, 9, 15, 23, 30, 35, 43, 44, 45, 46, 47, 49, 62, 66, 67, 76, 81, 86, 87, 90]
8 - [3, 14, 18, 21, 25, 26, 33, 40, 42, 50, 69, 74, 80, 84, 91, 100]
9 - [28, 36, 37, 48, 68, 72, 82, 83, 95, 96]

ITERATION 5
1 - [2, 10, 19, 24, 27, 29, 34, 39, 51, 53, 54, 55, 57, 58, 63, 65, 73, 78, 85, 88, 89]
2 - [3, 14, 18, 21, 25, 26, 33, 40, 42, 50, 69, 74, 80, 84, 91, 100]
3 - [28, 36, 37, 48, 68, 72, 82, 83, 95, 96]
4 - [31, 79]
5 - [4, 11, 22, 32, 52, 60, 64, 70, 71, 92]
6 - [12, 13, 20, 41, 75, 77, 93, 97]
7 - [1, 8, 17, 61, 94, 98, 99]
8 - [5, 7, 9, 15, 23, 30, 35, 43, 44, 45, 46, 47, 49, 62, 66, 67, 76, 81, 86, 87, 90]
9 - [6, 16, 38, 56, 59]

ITERATION 6
1 - [3, 14, 18, 21, 25, 26, 33, 40, 42, 50, 69, 74, 80, 84, 91, 100]
2 - [4, 11, 22, 32, 52, 60, 64, 70, 71, 92]
3 - [1, 8, 17, 61, 94, 98, 99]
4 - [2, 10, 19, 24, 27, 29, 34, 39, 51, 53, 54, 55, 57, 58, 63, 65, 73, 78, 85, 88, 89]
5 - [28, 36, 37, 48, 68, 72, 82, 83, 95, 96]
6 - [31, 79]
7 - [5, 7, 9, 15, 23, 30, 35, 43, 44, 45, 46, 47, 49, 62, 66, 67, 76, 81, 86, 87, 90]
8 - [6, 16, 38, 56, 59]
9 - [12, 13, 20, 41, 75, 77, 93, 97]

ITERATION 7
1 - [12, 13, 20, 41, 75, 77, 93, 97]
2 - [31, 79]
3 - [1, 8, 17, 61, 94, 98, 99]
4 - [3, 14, 18, 21, 25, 26, 33, 40, 42, 50, 69, 74, 80, 84, 91, 100]
5 - [28, 36, 37, 48, 68, 72, 82, 83, 95, 96]
6 - [4, 11, 22, 32, 52, 60, 64, 70, 71, 92]
7 - [5, 7, 9, 15, 23, 30, 35, 43, 44, 45, 46, 47, 49, 62, 66, 67, 76, 81, 86, 87, 90]
8 - [6, 16, 38, 56, 59]
9 - [2, 10, 19, 24, 27, 29, 34, 39, 51, 53, 54, 55, 57, 58, 63, 65, 73, 78, 85, 88, 89]

ITERATION 8
1 - [28, 36, 37, 48, 68, 72, 82, 83, 95, 96]
2 - [31, 79]
3 - [6, 16, 38, 56, 59]
4 - [1, 8, 17, 61, 94, 98, 99]
5 - [4, 11, 22, 32, 52, 60, 64, 70, 71, 92]
6 - [2, 10, 19, 24, 27, 29, 34, 39, 51, 53, 54, 55, 57, 58, 63, 65, 73, 78, 85, 88, 89]
7 - [5, 7, 9, 15, 23, 30, 35, 43, 44, 45, 46, 47, 49, 62, 66, 67, 76, 81, 86, 87, 90]
8 - [12, 13, 20, 41, 75, 77, 93, 97]
9 - [3, 14, 18, 21, 25, 26, 33, 40, 42, 50, 69, 74, 80, 84, 91, 100]

ITERATION 9
1 - [4, 11, 22, 32, 52, 60, 64, 70, 71, 92]
2 - [6, 16, 38, 56, 59]
3 - [28, 36, 37, 48, 68, 72, 82, 83, 95, 96]
4 - [2, 10, 19, 24, 27, 29, 34, 39, 51, 53, 54, 55, 57, 58, 63, 65, 73, 78, 85, 88, 89]
5 - [1, 8, 17, 61, 94, 98, 99]
6 - [5, 7, 9, 15, 23, 30, 35, 43, 44, 45, 46, 47, 49, 62, 66, 67, 76, 81, 86, 87, 90]
7 - [3, 14, 18, 21, 25, 26, 33, 40, 42, 50, 69, 74, 80, 84, 91, 100]
8 - [31, 79]
9 - [12, 13, 20, 41, 75, 77, 93, 97]

ITERATION 10
1 - [3, 14, 18, 21, 25, 26, 33, 40, 42, 50, 69, 74, 80, 84, 91, 100]
2 - [6, 16, 38, 56, 59]
3 - [4, 11, 22, 32, 52, 60, 64, 70, 71, 92]
4 - [28, 36, 37, 48, 68, 72, 82, 83, 95, 96]
5 - [1, 8, 17, 61, 94, 98, 99]
6 - [5, 7, 9, 15, 23, 30, 35, 43, 44, 45, 46, 47, 49, 62, 66, 67, 76, 81, 86, 87, 90]
7 - [2, 10, 19, 24, 27, 29, 34, 39, 51, 53, 54, 55, 57, 58, 63, 65, 73, 78, 85, 88, 89]
8 - [12, 13, 20, 41, 75, 77, 93, 97]
9 - [31, 79]

ITERATION 11
1 - [3, 14, 18, 21, 25, 26, 33, 40, 42, 50, 69, 74, 80, 84, 91, 100]
2 - [2, 10, 19, 24, 27, 29, 34, 39, 51, 53, 54, 55, 57, 58, 63, 65, 73, 78, 85, 88, 89]
3 - [28, 36, 37, 48, 68, 72, 82, 83, 95, 96]
4 - [1, 8, 17, 61, 94, 98, 99]
5 - [31, 79]
6 - [12, 13, 20, 41, 75, 77, 93, 97]
7 - [4, 11, 22, 32, 52, 60, 64, 70, 71, 92]
8 - [5, 7, 9, 15, 23, 30, 35, 43, 44, 45, 46, 47, 49, 62, 66, 67, 76, 81, 86, 87, 90]
9 - [6, 16, 38, 56, 59]

ITERATION 12
1 - [2, 10, 19, 24, 27, 29, 34, 39, 51, 53, 54, 55, 57, 58, 63, 65, 73, 78, 85, 88, 89]
2 - [31, 79]
3 - [3, 14, 18, 21, 25, 26, 33, 40, 42, 50, 69, 74, 80, 84, 91, 100]
4 - [6, 16, 38, 56, 59]
5 - [1, 8, 17, 61, 94, 98, 99]
6 - [4, 11, 22, 32, 52, 60, 64, 70, 71, 92]
7 - [5, 7, 9, 15, 23, 30, 35, 43, 44, 45, 46, 47, 49, 62, 66, 67, 76, 81, 86, 87, 90]
8 - [12, 13, 20, 41, 75, 77, 93, 97]
9 - [28, 36, 37, 48, 68, 72, 82, 83, 95, 96]

ITERATION 13
1 - [2, 10, 19, 24, 27, 29, 34, 39, 51, 53, 54, 55, 57, 58, 63, 65, 73, 78, 85, 88, 89]
2 - [5, 7, 9, 15, 23, 30, 35, 43, 44, 45, 46, 47, 49, 62, 66, 67, 76, 81, 86, 87, 90]
3 - [1, 8, 17, 61, 94, 98, 99]
4 - [12, 13, 20, 41, 75, 77, 93, 97]
5 - [28, 36, 37, 48, 68, 72, 82, 83, 95, 96]
6 - [6, 16, 38, 56, 59]
7 - [31, 79]
8 - [3, 14, 18, 21, 25, 26, 33, 40, 42, 50, 69, 74, 80, 84, 91, 100]
9 - [4, 11, 22, 32, 52, 60, 64, 70, 71, 92]

ITERATION 14
1 - [1, 8, 17, 61, 94, 98, 99]
2 - [31, 79]
3 - [4, 11, 22, 32, 52, 60, 64, 70, 71, 92]
4 - [6, 16, 38, 56, 59]
5 - [28, 36, 37, 48, 68, 72, 82, 83, 95, 96]
6 - [12, 13, 20, 41, 75, 77, 93, 97]
7 - [2, 10, 19, 24, 27, 29, 34, 39, 51, 53, 54, 55, 57, 58, 63, 65, 73, 78, 85, 88, 89]
8 - [3, 14, 18, 21, 25, 26, 33, 40, 42, 50, 69, 74, 80, 84, 91, 100]
9 - [5, 7, 9, 15, 23, 30, 35, 43, 44, 45, 46, 47, 49, 62, 66, 67, 76, 81, 86, 87, 90]

ITERATION 15
1 - [5, 7, 9, 15, 23, 30, 35, 43, 44, 45, 46, 47, 49, 62, 66, 67, 76, 81, 86, 87, 90]
2 - [1, 8, 17, 61, 94, 98, 99]
3 - [2, 10, 19, 24, 27, 29, 34, 39, 51, 53, 54, 55, 57, 58, 63, 65, 73, 78, 85, 88, 89]
4 - [28, 36, 37, 48, 68, 72, 82, 83, 95, 96]
5 - [6, 16, 38, 56, 59]
6 - [4, 11, 22, 32, 52, 60, 64, 70, 71, 92]
7 - [3, 14, 18, 21, 25, 26, 33, 40, 42, 50, 69, 74, 80, 84, 91, 100]
8 - [12, 13, 20, 41, 75, 77, 93, 97]
9 - [31, 79]

ITERATION 16
1 - [1, 8, 17, 61, 94, 98, 99]
2 - [31, 79]
3 - [28, 36, 37, 48, 68, 72, 82, 83, 95, 96]
4 - [6, 16, 38, 56, 59]
5 - [5, 7, 9, 15, 23, 30, 35, 43, 44, 45, 46, 47, 49, 62, 66, 67, 76, 81, 86, 87, 90]
6 - [12, 13, 20, 41, 75, 77, 93, 97]
7 - [3, 14, 18, 21, 25, 26, 33, 40, 42, 50, 69, 74, 80, 84, 91, 100]
8 - [2, 10, 19, 24, 27, 29, 34, 39, 51, 53, 54, 55, 57, 58, 63, 65, 73, 78, 85, 88, 89]
9 - [4, 11, 22, 32, 52, 60, 64, 70, 71, 92]

ITERATION 17
1 - [12, 13, 20, 41, 75, 77, 93, 97]
2 - [4, 11, 22, 32, 52, 60, 64, 70, 71, 92]
3 - [31, 79]
4 - [5, 7, 9, 15, 23, 30, 35, 43, 44, 45, 46, 47, 49, 62, 66, 67, 76, 81, 86, 87, 90]
5 - [28, 36, 37, 48, 68, 72, 82, 83, 95, 96]
6 - [3, 14, 18, 21, 25, 26, 33, 40, 42, 50, 69, 74, 80, 84, 91, 100]
7 - [1, 8, 17, 61, 94, 98, 99]
8 - [6, 16, 38, 56, 59]
9 - [2, 10, 19, 24, 27, 29, 34, 39, 51, 53, 54, 55, 57, 58, 63, 65, 73, 78, 85, 88, 89]

ITERATION 18
1 - [2, 10, 19, 24, 27, 29, 34, 39, 51, 53, 54, 55, 57, 58, 63, 65, 73, 78, 85, 88, 89]
2 - [31, 79]
3 - [4, 11, 22, 32, 52, 60, 64, 70, 71, 92]
4 - [6, 16, 38, 56, 59]
5 - [12, 13, 20, 41, 75, 77, 93, 97]
6 - [5, 7, 9, 15, 23, 30, 35, 43, 44, 45, 46, 47, 49, 62, 66, 67, 76, 81, 86, 87, 90]
7 - [1, 8, 17, 61, 94, 98, 99]
8 - [3, 14, 18, 21, 25, 26, 33, 40, 42, 50, 69, 74, 80, 84, 91, 100]
9 - [28, 36, 37, 48, 68, 72, 82, 83, 95, 96]

ITERATION 19
1 - [31, 79]
2 - [3, 14, 18, 21, 25, 26, 33, 40, 42, 50, 69, 74, 80, 84, 91, 100]
3 - [28, 36, 37, 48, 68, 72, 82, 83, 95, 96]
4 - [4, 11, 22, 32, 52, 60, 64, 70, 71, 92]
5 - [12, 13, 20, 41, 75, 77, 93, 97]
6 - [5, 7, 9, 15, 23, 30, 35, 43, 44, 45, 46, 47, 49, 62, 66, 67, 76, 81, 86, 87, 90]
7 - [2, 10, 19, 24, 27, 29, 34, 39, 51, 53, 54, 55, 57, 58, 63, 65, 73, 78, 85, 88, 89]
8 - [1, 8, 17, 61, 94, 98, 99]
9 - [6, 16, 38, 56, 59]

ITERATION 20
1 - [1, 8, 17, 61, 94, 98, 99]
2 - [4, 11, 22, 32, 52, 60, 64, 70, 71, 92]
3 - [3, 14, 18, 21, 25, 26, 33, 40, 42, 50, 69, 74, 80, 84, 91, 100]
4 - [28, 36, 37, 48, 68, 72, 82, 83, 95, 96]
5 - [31, 79]
6 - [6, 16, 38, 56, 59]
7 - [2, 10, 19, 24, 27, 29, 34, 39, 51, 53, 54, 55, 57, 58, 63, 65, 73, 78, 85, 88, 89]
8 - [5, 7, 9, 15, 23, 30, 35, 43, 44, 45, 46, 47, 49, 62, 66, 67, 76, 81, 86, 87, 90]
9 - [12, 13, 20, 41, 75, 77, 93, 97]

ITERATION 21
1 - [3, 14, 18, 21, 25, 26, 33, 40, 42, 50, 69, 74, 80, 84, 91, 100]
2 - [28, 36, 37, 48, 68, 72, 82, 83, 95, 96]
3 - [5, 7, 9, 15, 23, 30, 35, 43, 44, 45, 46, 47, 49, 62, 66, 67, 76, 81, 86, 87, 90]
4 - [2, 10, 19, 24, 27, 29, 34, 39, 51, 53, 54, 55, 57, 58, 63, 65, 73, 78, 85, 88, 89]
5 - [1, 8, 17, 61, 94, 98, 99]
6 - [31, 79]
7 - [6, 16, 38, 56, 59]
8 - [12, 13, 20, 41, 75, 77, 93, 97]
9 - [4, 11, 22, 32, 52, 60, 64, 70, 71, 92]

ITERATION 22
1 - [4, 11, 22, 32, 52, 60, 64, 70, 71, 92]
2 - [5, 7, 9, 15, 23, 30, 35, 43, 44, 45, 46, 47, 49, 62, 66, 67, 76, 81, 86, 87, 90]
3 - [12, 13, 20, 41, 75, 77, 93, 97]
4 - [31, 79]
5 - [28, 36, 37, 48, 68, 72, 82, 83, 95, 96]
6 - [6, 16, 38, 56, 59]
7 - [2, 10, 19, 24, 27, 29, 34, 39, 51, 53, 54, 55, 57, 58, 63, 65, 73, 78, 85, 88, 89]
8 - [3, 14, 18, 21, 25, 26, 33, 40, 42, 50, 69, 74, 80, 84, 91, 100]
9 - [1, 8, 17, 61, 94, 98, 99]

ITERATION 23
1 - [2, 10, 19, 24, 27, 29, 34, 39, 51, 53, 54, 55, 57, 58, 63, 65, 73, 78, 85, 88, 89]
2 - [4, 11, 22, 32, 52, 60, 64, 70, 71, 92]
3 - [5, 7, 9, 15, 23, 30, 35, 43, 44, 45, 46, 47, 49, 62, 66, 67, 76, 81, 86, 87, 90]
4 - [6, 16, 38, 56, 59]
5 - [28, 36, 37, 48, 68, 72, 82, 83, 95, 96]
6 - [3, 14, 18, 21, 25, 26, 33, 40, 42, 50, 69, 74, 80, 84, 91, 100]
7 - [12, 13, 20, 41, 75, 77, 93, 97]
8 - [1, 8, 17, 61, 94, 98, 99]
9 - [31, 79]

ITERATION 24
1 - [1, 8, 17, 61, 94, 98, 99]
2 - [2, 10, 19, 24, 27, 29, 34, 39, 51, 53, 54, 55, 57, 58, 63, 65, 73, 78, 85, 88, 89]
3 - [4, 11, 22, 32, 52, 60, 64, 70, 71, 92]
4 - [12, 13, 20, 41, 75, 77, 93, 97]
5 - [6, 16, 38, 56, 59]
6 - [5, 7, 9, 15, 23, 30, 35, 43, 44, 45, 46, 47, 49, 62, 66, 67, 76, 81, 86, 87, 90]
7 - [28, 36, 37, 48, 68, 72, 82, 83, 95, 96]
8 - [3, 14, 18, 21, 25, 26, 33, 40, 42, 50, 69, 74, 80, 84, 91, 100]
9 - [31, 79]

ITERATION 25
1 - [4, 11, 22, 32, 52, 60, 64, 70, 71, 92]
2 - [12, 13, 20, 41, 75, 77, 93, 97]
3 - [2, 10, 19, 24, 27, 29, 34, 39, 51, 53, 54, 55, 57, 58, 63, 65, 73, 78, 85, 88, 89]
4 - [31, 79]
5 - [6, 16, 38, 56, 59]
6 - [1, 8, 17, 61, 94, 98, 99]
7 - [5, 7, 9, 15, 23, 30, 35, 43, 44, 45, 46, 47, 49, 62, 66, 67, 76, 81, 86, 87, 90]
8 - [28, 36, 37, 48, 68, 72, 82, 83, 95, 96]
9 - [3, 14, 18, 21, 25, 26, 33, 40, 42, 50, 69, 74, 80, 84, 91, 100]

SSE: 0.8446095452380951
